110
123759 
452925 
-303150 
831191 
-987645 
189016 
744607 
31048 
918622 
950837 
-660673 
323519 
-365912 
57643 
403087 
577441 
-489180 
-851666 
149172 
-340052 
-323653 
167850 
-523324 
-937942 
-655819 
857705 
932651 
-960387 
307720 
559195 
-44116 
-327659 
-867744 
-314694 
-972130 
-170075 
683529 
815135 
-433934 
303354 
840991 
141617 
696673 
-984241 
120981 
-425866 
779384 
459561 
-997753 
405217 
-475479 
-93785 
-323987 
-552383 
868883 
744626 
-43513 
435322 
957760 
771412 
535948 
-327033 
406318 
343258 
-666005 
211420 
-3950 
-866558 
294088 
536929 
329884 
654206 
703351 
-710127 
66389 
-995131 
-387542 
-11930 
-343249 
-805846 
-172142 
385123 
124518 
250503 
393105 
510392 
152584 
-76098 
-360580 
555381 
989325 
503613 
165487 
953076 
-204837 
-643900 
-181196 
-100594 
-714062 
671319 
267073 
152708 
-288526 
-200142 
-692573 
584045 
-804040 
-15659 
-694103 
85254 
