1100
123759 
452925 
-303150 
831191 
-987645 
189016 
744607 
31048 
918622 
950837 
-660673 
323519 
-365912 
57643 
403087 
577441 
-489180 
-851666 
149172 
-340052 
-323653 
167850 
-523324 
-937942 
-655819 
857705 
932651 
-960387 
307720 
559195 
-44116 
-327659 
-867744 
-314694 
-972130 
-170075 
683529 
815135 
-433934 
303354 
840991 
141617 
696673 
-984241 
120981 
-425866 
779384 
459561 
-997753 
405217 
-475479 
-93785 
-323987 
-552383 
868883 
744626 
-43513 
435322 
957760 
771412 
535948 
-327033 
406318 
343258 
-666005 
211420 
-3950 
-866558 
294088 
536929 
329884 
654206 
703351 
-710127 
66389 
-995131 
-387542 
-11930 
-343249 
-805846 
-172142 
385123 
124518 
250503 
393105 
510392 
152584 
-76098 
-360580 
555381 
989325 
503613 
165487 
953076 
-204837 
-643900 
-181196 
-100594 
-714062 
671319 
267073 
152708 
-288526 
-200142 
-692573 
584045 
-804040 
-15659 
-694103 
85254 
676265 
479023 
238874 
-749569 
679313 
-741938 
-768176 
531895 
605973 
-114907 
-484802 
-583276 
-867528 
776047 
-304679 
-320909 
-10976 
676728 
687691 
849059 
-237932 
596516 
-97786 
-366073 
-443922 
-470 
-604464 
-729527 
-341504 
-91148 
417070 
93693 
-593857 
763810 
-72423 
452412 
-323589 
-306878 
970392 
909407 
541974 
195831 
-738884 
-639574 
-889844 
-300009 
7776 
522368 
106685 
28183 
-138751 
705780 
-152486 
-280331 
-850474 
529227 
-731783 
-592096 
913245 
-79469 
-658281 
-559966 
-162095 
-208846 
-93113 
-719057 
-951997 
470046 
117906 
171047 
412233 
682628 
-37906 
535033 
-113265 
979803 
341756 
828480 
-960805 
846810 
-161574 
751200 
-590475 
581405 
910203 
780061 
796870 
-291871 
977208 
-265313 
-605676 
-853063 
-562040 
638021 
-948198 
356513 
-89212 
349922 
-547474 
358106 
614216 
-387418 
271882 
75217 
827530 
-399617 
623197 
589362 
-806903 
663260 
-889427 
91354 
-254687 
-828565 
238684 
-582869 
-610879 
-686558 
-165073 
-399657 
-82604 
-409595 
771779 
-495238 
-110658 
-318110 
-440254 
-273395 
-665915 
145281 
225024 
683582 
249124 
544530 
-5980 
-550822 
966023 
-318863 
-874910 
964152 
-185066 
-378324 
93073 
-292701 
-247946 
-551042 
-384730 
405186 
-177127 
734349 
-156119 
-95333 
278372 
-66565 
-625381 
144281 
470207 
-262788 
-822267 
-992081 
125631 
-796130 
414332 
-557386 
478165 
727357 
666328 
958931 
-676203 
99689 
767619 
-309182 
920900 
945021 
490032 
357717 
19850 
-619185 
109858 
-509465 
723290 
-207832 
-892860 
448624 
-204377 
470506 
19223 
314278 
-903750 
525681 
-848014 
-320444 
-174647 
995121 
-760733 
762886 
227766 
86146 
764769 
-912993 
552776 
303550 
-941639 
-364429 
483239 
533285 
-382407 
-702926 
-628026 
-713510 
-755750 
979309 
-330941 
-277669 
-662055 
-28419 
-493283 
919248 
-233710 
-928609 
-123640 
-751427 
-348596 
-8811 
651645 
-336022 
530139 
656340 
-43374 
413511 
286496 
-51448 
300194 
-298580 
473904 
385321 
644348 
72120 
-988909 
-666181 
-398404 
-85360 
-608615 
549807 
886789 
-332571 
-525134 
315428 
391481 
831565 
296041 
-597725 
986119 
-77889 
186730 
-171836 
557624 
-726341 
-135777 
964584 
-289858 
-894592 
-977463 
222754 
441145 
270455 
108788 
-474391 
874838 
135576 
-95890 
-352397 
-307384 
62429 
964237 
-444324 
-386139 
-238721 
199229 
767825 
-623098 
-673721 
619341 
-365270 
-697733 
-798347 
684624 
558126 
-199508 
-284870 
880406 
-431210 
717952 
-71048 
-347492 
-392452 
537506 
-861833 
-75667 
-389805 
493268 
-375840 
-966677 
-61620 
-577788 
-152716 
-329760 
61933 
983801 
422570 
-751317 
769150 
-854496 
76202 
-314302 
-438418 
63286 
621914 
-984780 
607033 
-411331 
983567 
-271606 
-399230 
-640355 
375503 
-786233 
817021 
280827 
184258 
946425 
272728 
404602 
-886163 
694848 
922087 
-953186 
-948891 
677451 
-966526 
18483 
83798 
-582114 
508170 
631525 
-916744 
39874 
888427 
499596 
803876 
108205 
-473060 
797406 
-147436 
-807125 
882958 
-614332 
-320208 
631088 
867630 
315259 
896219 
162900 
-268661 
422803 
362730 
746050 
-88365 
148877 
-333632 
-663171 
-834217 
-138061 
-724736 
-311594 
813821 
147278 
8083 
842543 
335528 
188854 
-364739 
803101 
-11091 
573676 
347068 
244360 
-511177 
-769008 
530663 
-631366 
-714372 
-402663 
-962562 
637690 
212562 
-970954 
706674 
-30368 
-768801 
-719587 
-584940 
757659 
-692632 
-125838 
404419 
-859597 
282538 
-221963 
175738 
-921849 
-469628 
-350334 
-417524 
233863 
-976945 
-439798 
185261 
121098 
522947 
970247 
317164 
8278 
-519453 
-464993 
233666 
330578 
84196 
-76481 
165581 
102267 
-450007 
-571641 
-69585 
-172133 
-44516 
584109 
758020 
58620 
460033 
787408 
-253071 
-628422 
23474 
190203 
-252324 
871368 
-900236 
-805686 
741325 
308320 
-670415 
-812967 
136270 
238165 
-762052 
-767078 
-902362 
-111944 
467904 
952233 
655585 
55052 
-158342 
997843 
983993 
324373 
820852 
655929 
27444 
-689295 
-748795 
218632 
493640 
-712908 
490248 
-92139 
-240448 
744118 
924131 
-291731 
-891119 
875521 
-831644 
505772 
367134 
-274434 
-679857 
483982 
30559 
139814 
400574 
431946 
-978879 
-338985 
111233 
-492898 
-829149 
-543139 
-785978 
-684633 
893736 
326076 
-982748 
-995161 
993712 
820552 
677355 
-870884 
-562603 
-675954 
-896592 
-700725 
-389859 
-690515 
-164053 
185668 
-392126 
-723850 
367862 
301864 
-451499 
629572 
214173 
-9567 
-581320 
-641497 
319484 
-937522 
-531190 
-444877 
-678015 
998569 
-653539 
-884034 
-15331 
-739729 
745681 
77920 
-574207 
757225 
-588283 
-963111 
-602284 
-807572 
333101 
-884716 
174574 
68074 
-131650 
471322 
-508162 
773342 
313571 
883126 
-523420 
-592262 
639225 
164344 
-170564 
-301044 
-662412 
-360440 
-890848 
-426097 
-928358 
-408089 
829520 
983135 
374778 
-731229 
-613033 
-468867 
860336 
-842974 
468161 
-887006 
-390484 
-852656 
-838715 
-947609 
-377033 
672507 
-556944 
-659325 
152219 
819920 
-191813 
-742393 
24971 
-601978 
-294951 
-140622 
99097 
-989291 
-90876 
-224448 
-225154 
524600 
-988497 
-498763 
600079 
125135 
765153 
828714 
-513418 
357976 
855442 
-406365 
-635327 
-986520 
934913 
-694567 
-726442 
-434109 
460486 
876096 
772943 
918971 
-737766 
644496 
-701626 
965733 
55958 
-648455 
228837 
-199466 
234637 
-166604 
658917 
297066 
314763 
-982469 
-13120 
423991 
-207935 
-623301 
-941015 
213716 
893371 
-198236 
744525 
-993768 
-645977 
721899 
-40996 
895074 
-704561 
840383 
299471 
-537196 
500719 
235537 
795371 
258000 
-397084 
630188 
-648461 
-576832 
113591 
-805722 
-8365 
-630823 
-967025 
731998 
731078 
134259 
-207116 
-482825 
-48613 
359775 
503831 
740602 
-509724 
-357212 
635957 
-912945 
-831180 
-359054 
975219 
-800319 
963295 
-316179 
-37057 
-764643 
744060 
111740 
145127 
221806 
-87686 
-156578 
692244 
10506 
-429603 
-458634 
4521 
-467779 
238491 
-921150 
910734 
907643 
-730422 
596884 
-252909 
204355 
680076 
-420149 
46486 
697916 
995746 
255302 
486543 
104985 
552744 
-955820 
519465 
-178689 
127296 
812527 
-386011 
-477410 
387888 
-235492 
-529394 
-243159 
185980 
-955734 
57116 
-658680 
-225975 
-744488 
-49431 
-161176 
800847 
685410 
-227089 
-469499 
613699 
547820 
511447 
655209 
-165105 
25064 
-284498 
11424 
409642 
958262 
775310 
-237837 
390262 
-600410 
461571 
258562 
-503173 
793129 
-605306 
121902 
201209 
-116474 
-425845 
84091 
-444014 
298885 
497631 
168232 
-781496 
-693353 
652661 
-828924 
-141835 
-456629 
-718629 
-188895 
674367 
322893 
460029 
278386 
-513734 
-456016 
-687531 
257213 
-556620 
-813943 
499206 
-937166 
-480348 
-47701 
-315409 
577022 
-598509 
426446 
-573195 
-744648 
143828 
-227293 
5759 
-964308 
-696449 
-2067 
-503177 
481056 
980382 
-266670 
-980535 
-987621 
-487745 
169338 
838826 
869306 
717848 
687377 
995458 
730292 
464971 
-933150 
-740192 
857233 
974759 
973577 
16288 
-332298 
-32586 
801781 
-159152 
-808648 
-694778 
-44713 
875235 
179112 
-463229 
218991 
206355 
-749027 
-870117 
-79911 
-430802 
357632 
-339644 
-394264 
-150450 
-173162 
449308 
-550557 
355368 
983423 
347227 
-541309 
-839683 
948730 
419370 
221179 
708481 
417941 
-915761 
-999806 
93463 
652184 
-8657 
373257 
396330 
673648 
-612097 
-556940 
267361 
314373 
933317 
38631 
-812902 
128409 
406696 
482943 
-337170 
-275706 
-255020 
762467 
288130 
550267 
-636745 
-167059 
-30764 
642181 
226512 
518279 
400949 
-580090 
261854 
-258770 
548241 
-464796 
-243635 
-254500 
-777387 
-568640 
636066 
225710 
-464127 
-60387 
354779 
741363 
-373380 
-439571 
-809597 
-608583 
-627981 
284475 
281443 
206878 
-337201 
663283 
637426 
-311449 
974244 
826909 
-116887 
-777715 
-520128 
781599 
746861 
645074 
-319039 
-419132 
407085 
-169487 
714673 
968015 
-482792 
-840721 
-969809 
781449 
153083 
268975 
-545923 
72853 
-730688 
-348338 
332324 
-629245 
797305 
589467 
590787 
20747 
621045 
731570 
485276 
650623 
754611 
-531352 
939991 
193777 
-659481 
-523098 
-615757 
-119176 
-333543 
-622289 
3555 
-848816 
351103 
94088 
-980128 
-483644 
671120 
519596 
-775713 
-904375 
-281674 
26283 
927282 
151590 
-612565 
-456941 
161021 
-797411 
173684 
-324240 
-832616 
914865 
556905 
-9345 
-444454 
-64833 
-525270 
-814006 
-6832 
40811 
-180332 
772537 
-849844 
424768 
-130066 
